camera_matrix:
- - 889.1429390589711
  - 0.0
  - 632.0293905783323
- - 0.0
  - 889.6847118803978
  - 331.6149614329469
- - 0.0
  - 0.0
  - 1.0
distortion_coefficients:
- - -0.024923626536824218
  - 0.7376542421730686
  - -0.00951997044813254
  - 0.0013368353868852248
  - -2.3158502808287027
reprojection_error: 0.09264367689047584
